Initial Residual = 2390.44
Iteration = 15   Residual = 30.2938
Iteration = 30   Residual = 0.148535
Iteration = 45   Residual = 0.000982567
